0.24 0.12 0.02
0.3 0.38 0.4
0.24 0.12 0.02
0.22 0.36 0.02
0.3 0.38 0.02
0.1 0.36 0.02
0.24 0.34 0.02
0.26 0.28 0.02
0.24 0.32 0.02
0.18 0.32 0.02
0.1 0.3 0.02
0.3 0.12 0.02
0.16 0.12 0.02
0.16 0.22 0.02
0.2 0.22 0.02
0.1 0.28 0.02
0.24 0.3 0.02
0.22 0.1 0.02
0.16 0.28 0.02
0.22 0.26 0.02
0.22 0.4 0.02
0.22 0.3 0.02
0.14 0.32 0.02
0.12 0.16 0.02
0.2 0.3 0.02
0.2 0.3 0.02
0.14 0.32 0.02
0.26 0.38 0.02
0.14 0.38 0.02
0.28 0.24 0.02
0.12 0.3 0.02
0.1 0.26 0.02
0.12 0.14 0.02
0.28 0.28 0.02
0.14 0.26 0.02
0.24 0.12 0.02
0.16 0.36 0.02
0.2 0.14 0.02
0.1 0.16 0.02
0.16 0.1 0.02
0.2 0.22 0.02
0.2 0.32 0.02
0.22 0.16 0.02
0.22 0.26 0.02
0.28 0.24 0.02
0.26 0.26 0.02
0.28 0.14 0.02
0.26 0.14 0.02
0.12 0.4 0.02
0.14 0.34 0.02
0.3 0.14 0.02
0.2 0.24 0.02
0.16 0.26 0.02
0.18 0.36 0.02
0.18 0.18 0.02
0.24 0.22 0.02
0.3 0.24 0.02
0.22 0.3 0.02
0.2 0.28 0.02
0.16 0.3 0.02
0.18 0.24 0.02
0.28 0.12 0.02
0.24 0.22 0.02
0.14 0.32 0.02
0.3 0.1 0.02
0.3 0.4 0.02
0.12 0.38 0.02
0.26 0.1 0.02
0.14 0.36 0.02
0.22 0.32 0.02
0.16 0.38 0.02
0.18 0.26 0.02
0.24 0.24 0.02
0.26 0.22 0.02
0.16 0.14 0.02
0.3 0.2 0.02
0.14 0.22 0.02
0.14 0.12 0.02
0.24 0.26 0.02
0.18 0.3 0.02
0.12 0.16 0.02
0.24 0.38 0.02
0.16 0.24 0.02
0.24 0.18 0.02
0.18 0.26 0.02
0.24 0.1 0.02
0.24 0.38 0.02
0.1 0.34 0.02
0.3 0.14 0.02
0.28 0.16 0.02
0.1 0.16 0.02
0.1 0.26 0.02
0.24 0.24 0.02
0.12 0.26 0.02
0.14 0.2 0.02
0.26 0.26 0.02
0.1 0.12 0.02
0.16 0.3 0.02
0.28 0.4 0.02
0.24 0.1 0.02
0.2 0.1 0.02
0.14 0.32 0.02
0.24 0.34 0.02
0.28 0.22 0.02
0.24 0.32 0.02
0.28 0.36 0.02
0.26 0.28 0.02
0.3 0.4 0.02
0.3 0.26 0.02
0.22 0.14 0.02
0.12 0.38 0.02
0.26 0.26 0.02
0.24 0.14 0.02
0.1 0.32 0.02
0.16 0.36 0.02
0.12 0.12 0.02
0.18 0.36 0.02
0.28 0.32 0.02
0.1 0.4 0.02
0.28 0.28 0.02
0.18 0.16 0.02
0.14 0.2 0.02
0.22 0.14 0.02
0.12 0.14 0.02
0.26 0.26 0.02
0.24 0.34 0.02
0.24 0.2 0.02
0.2 0.32 0.02
0.26 0.24 0.02
0.22 0.1 0.02
0.22 0.14 0.02
0.16 0.14 0.02
0.3 0.28 0.02
0.18 0.1 0.02
0.2 0.24 0.02
0.22 0.12 0.02
0.1 0.38 0.02
0.12 0.1 0.02
0.26 0.1 0.02
0.3 0.36 0.02
0.24 0.34 0.02
0.28 0.22 0.02
0.16 0.4 0.02
0.2 0.22 0.02
0.18 0.26 0.02
0.14 0.32 0.02
0.22 0.36 0.02
0.1 0.4 0.02
0.26 0.18 0.02
0.28 0.24 0.02
0.24 0.12 0.02
0.24 0.12 0.02
0.2 0.38 0.02
0.12 0.12 0.02
0.14 0.22 0.02
0.3 0.4 0.02
0.14 0.24 0.02
0.26 0.32 0.02
0.18 0.28 0.02
0.22 0.4 0.02
0.22 0.32 0.02
0.3 0.28 0.02
0.28 0.1 0.02
0.22 0.16 0.02
0.12 0.4 0.02
0.14 0.26 0.02
0.28 0.2 0.02
0.24 0.2 0.02
0.14 0.12 0.02
0.3 0.24 0.02
0.22 0.14 0.02
0.22 0.3 0.02
0.3 0.18 0.02
0.2 0.2 0.02
0.1 0.38 0.02
0.22 0.3 0.02
0.12 0.1 0.02
0.18 0.3 0.02
0.3 0.4 0.02
0.28 0.24 0.02
0.1 0.3 0.02
0.28 0.34 0.02
0.28 0.1 0.02
0.28 0.22 0.02
0.24 0.38 0.02
0.14 0.16 0.02
0.26 0.36 0.02
0.1 0.16 0.02
0.12 0.18 0.02
0.22 0.1 0.02
0.1 0.3 0.02
0.28 0.36 0.02
0.2 0.14 0.02
0.26 0.2 0.02
0.18 0.1 0.02
0.28 0.2 0.02
0.22 0.1 0.02
0.16 0.22 0.02
0.22 0.2 0.02
0.12 0.36 0.02
0.2 0.22 0.02
0.24 0.26 0.02
0.18 0.36 0.02
0.14 0.38 0.02
0.24 0.14 0.02
0.28 0.26 0.02
0.16 0.26 0.02
0.26 0.28 0.02
0.22 0.28 0.02
0.28 0.4 0.02
0.2 0.18 0.02
0.3 0.12 0.02
0.26 0.3 0.02
0.24 0.12 0.02
0.1 0.1 0.02
0.1 0.2 0.02
0.26 0.3 0.02
0.12 0.16 0.02
0.28 0.3 0.02
0.26 0.26 0.02
0.22 0.26 0.02
0.24 0.12 0.02
0.1 0.18 0.02
0.3 0.4 0.02
0.2 0.16 0.02
0.14 0.34 0.02
0.2 0.32 0.02
0.26 0.3 0.02
0.12 0.2 0.02
0.16 0.32 0.02
0.12 0.24 0.02
0.2 0.18 0.02
0.28 0.22 0.02
0.12 0.28 0.02
0.26 0.22 0.02
0.26 0.3 0.02
0.22 0.28 0.02
0.3 0.38 0.02
0.18 0.1 0.02
0.16 0.38 0.02
0.2 0.28 0.02
0.18 0.34 0.02
0.1 0.24 0.02
0.3 0.1 0.02
0.28 0.18 0.02
0.18 0.16 0.02
0.18 0.34 0.02
0.16 0.1 0.02
0.2 0.32 0.02
0.28 0.1 0.02
0.3 0.24 0.02
0.2 0.34 0.02
0.3 0.3 0.02
0.28 0.2 0.02
0.3 0.16 0.02
0.2 0.3 0.02
0.22 0.24 0.02
0.12 0.28 0.02
0.1 0.2 0.02
0.2 0.32 0.02
0.22 0.14 0.02
0.24 0.2 0.02
0.24 0.16 0.02
0.12 0.28 0.02
0.2 0.2 0.02
0.2 0.26 0.02
0.3 0.16 0.02
0.24 0.36 0.02
0.2 0.3 0.02
0.22 0.14 0.02
0.24 0.36 0.02
0.1 0.12 0.02
0.26 0.26 0.02
0.24 0.18 0.02
0.18 0.34 0.02
0.14 0.14 0.02
0.2 0.34 0.02
0.1 0.26 0.02
0.14 0.1 0.02
0.16 0.28 0.02
0.2 0.12 0.02
0.24 0.28 0.02
0.26 0.12 0.02
0.22 0.1 0.02
0.26 0.18 0.02
0.16 0.28 0.02
0.26 0.2 0.02
0.3 0.26 0.02
0.2 0.12 0.02
0.18 0.34 0.02
0.18 0.1 0.02
0.18 0.12 0.02
0.28 0.34 0.02
0.12 0.22 0.02
0.28 0.3 0.02
0.1 0.26 0.02
0.24 0.16 0.02
0.26 0.4 0.02
0.24 0.3 0.02
0.3 0.1 0.02
0.28 0.24 0.02
0.28 0.28 0.02
0.18 0.38 0.02
0.14 0.3 0.02
0.22 0.1 0.02
0.26 0.12 0.02
0.16 0.22 0.02
0.26 0.12 0.02
0.12 0.36 0.02
0.26 0.36 0.02
0.18 0.18 0.02
0.24 0.12 0.02
0.1 0.24 0.02
0.16 0.38 0.02
0.24 0.38 0.02
0.12 0.3 0.02
0.18 0.32 0.02
0.12 0.36 0.02
0.16 0.26 0.02
0.3 0.3 0.02
0.28 0.24 0.02
0.18 0.38 0.02
0.26 0.38 0.02
0.28 0.28 0.02
0.2 0.4 0.02
0.22 0.3 0.02
0.14 0.12 0.02
0.28 0.32 0.02
0.24 0.12 0.02
0.12 0.2 0.02
0.14 0.38 0.02
0.3 0.16 0.02
0.1 0.22 0.02
0.26 0.18 0.02
0.18 0.22 0.02
0.2 0.16 0.02
0.22 0.14 0.02
0.12 0.36 0.02
0.3 0.1 0.02
0.28 0.14 0.02
0.24 0.3 0.02
0.14 0.28 0.02
0.24 0.28 0.02
0.2 0.1 0.02
0.2 0.36 0.02
0.28 0.26 0.02
0.22 0.34 0.02
0.22 0.2 0.02
0.18 0.32 0.02
0.14 0.1 0.02
0.16 0.1 0.02
0.12 0.12 0.02
0.26 0.26 0.02
0.16 0.24 0.02
0.12 0.18 0.02
0.26 0.38 0.02
0.16 0.36 0.02
0.14 0.12 0.02
0.16 0.22 0.02
0.16 0.14 0.02
0.2 0.3 0.02
0.3 0.26 0.02
0.12 0.18 0.02
0.22 0.24 0.02
0.22 0.14 0.02
0.2 0.4 0.02
0.18 0.24 0.02
0.28 0.14 0.02
0.24 0.24 0.02
0.16 0.18 0.02
0.2 0.14 0.02
0.24 0.24 0.02
0.22 0.32 0.02
0.22 0.26 0.02
0.14 0.1 0.02
0.12 0.36 0.02
0.12 0.24 0.02
0.18 0.32 0.02
0.12 0.24 0.02
0.24 0.22 0.02
0.2 0.26 0.02
0.12 0.12 0.02
0.24 0.22 0.02
0.22 0.36 0.02
0.24 0.26 0.02
0.26 0.18 0.02
0.18 0.4 0.02
0.14 0.1 0.02
0.28 0.2 0.02
0.18 0.14 0.02
0.1 0.28 0.02
0.24 0.14 0.02
0.28 0.3 0.02
0.14 0.3 0.02
0.18 0.4 0.02
0.16 0.18 0.02
0.22 0.34 0.02
0.24 0.2 0.02
0.24 0.16 0.02
0.28 0.18 0.02
0.1 0.1 0.02
0.14 0.14 0.02
0.12 0.34 0.02
0.26 0.12 0.02
0.3 0.14 0.02
0.28 0.16 0.02
0.16 0.14 0.02
0.3 0.14 0.02
0.22 0.2 0.02
0.18 0.32 0.02
0.28 0.32 0.02
0.18 0.1 0.02
0.26 0.12 0.02
0.14 0.26 0.02
0.3 0.34 0.02
0.16 0.3 0.02
0.18 0.1 0.02
0.2 0.34 0.02
0.28 0.3 0.02
0.18 0.1 0.02
0.22 0.22 0.02
0.1 0.14 0.02
0.22 0.22 0.02
0.12 0.4 0.02
0.28 0.34 0.02
0.1 0.14 0.02
0.14 0.4 0.02
0.18 0.16 0.02
0.26 0.1 0.02
0.14 0.36 0.02
0.3 0.36 0.02
0.3 0.12 0.02
0.18 0.26 0.02
0.3 0.38 0.02
0.16 0.16 0.02
0.18 0.22 0.02
0.1 0.24 0.02
0.18 0.4 0.02
0.24 0.34 0.02
0.28 0.26 0.02
0.14 0.36 0.02
0.26 0.34 0.02
0.28 0.4 0.02
0.16 0.28 0.02
0.3 0.18 0.02
0.1 0.18 0.02
0.14 0.32 0.02
0.22 0.34 0.02
0.28 0.1 0.02
0.2 0.32 0.02
0.1 0.3 0.02
0.26 0.36 0.02
0.26 0.3 0.02
0.26 0.16 0.02
0.24 0.26 0.02
0.3 0.16 0.02
0.12 0.26 0.02
0.18 0.16 0.02
0.3 0.34 0.02
0.2 0.12 0.02
0.24 0.34 0.02
0.12 0.12 0.02
0.24 0.12 0.02
0.3 0.38 0.02
0.26 0.16 0.02
0.26 0.34 0.02
0.2 0.26 0.02
0.2 0.1 0.02
0.22 0.18 0.02
0.16 0.36 0.02
0.1 0.38 0.02
0.16 0.26 0.02
0.3 0.22 0.02
0.1 0.1 0.02
0.14 0.3 0.02
0.26 0.3 0.02
0.14 0.32 0.02
0.24 0.16 0.02
0.16 0.24 0.02
0.1 0.22 0.02
0.28 0.1 0.02
0.28 0.14 0.02
0.18 0.3 0.02
0.2 0.14 0.02
0.18 0.14 0.02
0.12 0.1 0.02
0.12 0.16 0.02
0.26 0.38 0.02
0.14 0.16 0.02
0.2 0.3 0.02
0.28 0.16 0.02
0.24 0.3 0.02
0.28 0.3 0.02
0.22 0.22 0.02
0.3 0.3 0.02
0.3 0.32 0.02
0.28 0.3 0.02
0.28 0.38 0.02
0.28 0.34 0.02
0.22 0.2 0.02
0.22 0.36 0.02
0.12 0.34 0.02
0.16 0.3 0.02
0.2 0.36 0.02
0.3 0.34 0.02
0.28 0.28 0.02
0.22 0.24 0.02
0.22 0.2 0.02
0.2 0.2 0.02
0.3 0.2 0.02
0.3 0.34 0.02
0.24 0.32 0.02
0.26 0.38 0.02
0.1 0.32 0.02
0.28 0.1 0.02
0.22 0.1 0.02
0.12 0.18 0.02
0.2 0.28 0.02
0.14 0.3 0.02
0.12 0.32 0.02
0.1 0.1 0.02
0.12 0.28 0.02
0.1 0.4 0.02
0.18 0.36 0.02
0.28 0.34 0.02
0.16 0.36 0.02
0.14 0.26 0.02
0.24 0.1 0.02
0.1 0.1 0.02
0.28 0.28 0.02
0.12 0.12 0.02
0.26 0.38 0.02
0.3 0.12 0.02
0.14 0.32 0.02
0.28 0.3 0.02
0.24 0.28 0.02
0.1 0.14 0.02
0.3 0.12 0.02
0.24 0.12 0.02
0.3 0.28 0.02
0.3 0.18 0.02
0.18 0.18 0.02
0.1 0.1 0.02
0.24 0.2 0.02
0.12 0.4 0.02
0.26 0.36 0.02
0.16 0.24 0.02
0.16 0.2 0.02
0.2 0.24 0.02
0.22 0.2 0.02
0.1 0.14 0.02
0.1 0.38 0.02
0.12 0.34 0.02
0.16 0.3 0.02
0.16 0.3 0.02
0.12 0.12 0.02
0.16 0.22 0.02
0.14 0.4 0.02
0.14 0.1 0.02
0.2 0.24 0.02
0.12 0.32 0.02
0.12 0.32 0.02
0.14 0.32 0.02
0.28 0.34 0.02
0.3 0.26 0.02
0.22 0.4 0.02
0.24 0.3 0.02
0.12 0.2 0.02
0.18 0.22 0.02
0.12 0.24 0.02
0.28 0.1 0.02
0.14 0.32 0.02
0.22 0.28 0.02
0.26 0.28 0.02
0.28 0.32 0.02
0.12 0.18 0.02
0.16 0.22 0.02
0.24 0.14 0.02
0.22 0.24 0.02
0.18 0.18 0.02
0.28 0.16 0.02
0.3 0.3 0.02
0.14 0.12 0.02
0.1 0.24 0.02
0.18 0.24 0.02
0.3 0.18 0.02
0.14 0.14 0.02
0.1 0.1 0.02
0.2 0.18 0.02
0.1 0.4 0.02
0.3 0.22 0.02
0.26 0.28 0.02
0.16 0.24 0.02
0.28 0.12 0.02
0.26 0.28 0.02
0.26 0.3 0.02
0.28 0.2 0.02
0.12 0.26 0.02
0.22 0.12 0.02
0.12 0.1 0.02
0.1 0.18 0.02
0.16 0.28 0.02
0.16 0.22 0.02
0.22 0.4 0.02
0.24 0.34 0.02
0.16 0.32 0.02
0.12 0.16 0.02
0.12 0.12 0.02
0.22 0.4 0.02
0.12 0.4 0.02
0.28 0.1 0.02
0.16 0.36 0.02
0.28 0.2 0.02
0.12 0.38 0.02
0.28 0.28 0.02
0.22 0.38 0.02
0.22 0.26 0.02
0.16 0.32 0.02
0.16 0.1 0.02
0.26 0.38 0.02
0.3 0.18 0.02
0.18 0.36 0.02
0.22 0.16 0.02
0.12 0.16 0.02
0.16 0.16 0.02
0.16 0.12 0.02
0.16 0.12 0.02
0.24 0.28 0.02
0.12 0.24 0.02
0.14 0.26 0.02
0.14 0.12 0.02
0.2 0.16 0.02
0.16 0.2 0.02
0.18 0.26 0.02
0.14 0.26 0.02
0.3 0.18 0.02
0.24 0.28 0.02
0.28 0.24 0.02
0.22 0.32 0.02
0.26 0.24 0.02
0.14 0.22 0.02
0.12 0.24 0.02
0.28 0.32 0.02
0.12 0.1 0.02
0.28 0.36 0.02
0.24 0.34 0.02
0.3 0.3 0.02
0.24 0.12 0.02
0.22 0.16 0.02
0.24 0.14 0.02
0.1 0.12 0.02
0.3 0.2 0.02
0.14 0.24 0.02
0.26 0.26 0.02
0.24 0.32 0.02
0.1 0.36 0.02
0.12 0.4 0.02
0.2 0.12 0.02
0.18 0.14 0.02
0.16 0.22 0.02
0.1 0.26 0.02
0.28 0.38 0.02
0.26 0.24 0.02
0.14 0.34 0.02
0.18 0.3 0.02
0.1 0.28 0.02
0.2 0.12 0.02
0.26 0.32 0.02
0.3 0.2 0.02
0.16 0.26 0.02
0.28 0.1 0.02
0.16 0.2 0.02
0.2 0.1 0.02
0.22 0.12 0.02
0.14 0.1 0.02
0.12 0.18 0.02
0.26 0.28 0.02
0.14 0.24 0.02
0.14 0.34 0.02
0.1 0.38 0.02
0.28 0.28 0.02
0.22 0.24 0.02
0.12 0.1 0.02
0.18 0.16 0.02
0.26 0.1 0.02
0.14 0.2 0.02
0.3 0.4 0.02
0.18 0.1 0.02
0.14 0.14 0.02
0.18 0.36 0.02
0.18 0.28 0.02
0.12 0.16 0.02
0.28 0.32 0.02
0.14 0.36 0.02
0.26 0.16 0.02
0.2 0.3 0.02
0.14 0.36 0.02
0.2 0.1 0.02
0.26 0.12 0.02
0.3 0.2 0.02
0.18 0.24 0.02
0.1 0.38 0.02
0.22 0.34 0.02
0.14 0.18 0.02
0.1 0.32 0.02
0.1 0.26 0.02
0.2 0.12 0.02
0.24 0.2 0.02
0.24 0.2 0.02
0.1 0.14 0.02
0.2 0.36 0.02
0.2 0.3 0.02
0.16 0.36 0.02
0.2 0.14 0.02
0.1 0.26 0.02
0.26 0.22 0.02
0.22 0.4 0.02
0.28 0.14 0.02
0.22 0.32 0.02
0.24 0.32 0.02
0.3 0.36 0.02
0.28 0.1 0.02
0.3 0.1 0.02
0.16 0.3 0.02
0.1 0.14 0.02
0.24 0.22 0.02
0.12 0.16 0.02
0.1 0.32 0.02
0.1 0.22 0.02
0.14 0.4 0.02
0.16 0.22 0.02
0.24 0.12 0.02
0.24 0.38 0.02
0.28 0.18 0.02
0.3 0.14 0.02
0.1 0.16 0.02
0.22 0.16 0.02
0.3 0.12 0.02
0.1 0.28 0.02
0.1 0.26 0.02
0.3 0.26 0.02
0.16 0.36 0.02
0.16 0.14 0.02
0.14 0.4 0.02
0.24 0.22 0.02
0.28 0.28 0.02
0.18 0.16 0.02
0.2 0.32 0.02
0.2 0.3 0.02
0.12 0.34 0.02
0.12 0.26 0.02
0.14 0.14 0.02
0.18 0.12 0.02
0.22 0.24 0.02
0.24 0.24 0.02
0.28 0.34 0.02
0.14 0.4 0.02
0.3 0.28 0.02
0.26 0.32 0.02
0.18 0.34 0.02
0.28 0.3 0.02
0.1 0.36 0.02
0.16 0.38 0.02
0.1 0.12 0.02
0.24 0.2 0.02
0.1 0.26 0.02
0.26 0.3 0.02
0.3 0.38 0.02
0.2 0.16 0.02
0.28 0.24 0.02
0.2 0.4 0.02
0.24 0.32 0.02
0.12 0.38 0.02
0.22 0.22 0.02
0.2 0.4 0.02
0.1 0.28 0.02
0.12 0.26 0.02
0.16 0.24 0.02
0.1 0.3 0.02
0.14 0.1 0.02
0.24 0.34 0.02
0.28 0.16 0.02
0.24 0.12 0.02
0.3 0.3 0.02
0.26 0.38 0.02
0.22 0.32 0.02
0.1 0.4 0.02
0.24 0.16 0.02
0.12 0.34 0.02
0.14 0.4 0.02
0.3 0.36 0.02
0.2 0.32 0.02
0.12 0.1 0.02
0.12 0.34 0.02
0.12 0.32 0.02
0.12 0.14 0.02
0.16 0.26 0.02
0.12 0.3 0.02
0.1 0.32 0.02
0.14 0.14 0.02
0.18 0.18 0.02
0.12 0.16 0.02
0.24 0.38 0.02
0.1 0.22 0.02
0.18 0.22 0.02
0.28 0.36 0.02
0.14 0.34 0.02
0.14 0.4 0.02
0.1 0.24 0.02
0.16 0.16 0.02
0.16 0.4 0.02
0.18 0.4 0.02
0.12 0.3 0.02
0.1 0.32 0.02
0.26 0.4 0.02
0.28 0.2 0.02
0.28 0.18 0.02
0.12 0.12 0.02
0.28 0.18 0.02
0.28 0.16 0.02
0.16 0.22 0.02
0.14 0.14 0.02
0.14 0.24 0.02
0.28 0.38 0.02
0.12 0.1 0.02
0.22 0.26 0.02
0.16 0.1 0.02
0.24 0.2 0.02
0.1 0.36 0.02
0.28 0.16 0.02
0.3 0.32 0.02
0.18 0.22 0.02
0.2 0.32 0.02
0.18 0.16 0.02
0.16 0.28 0.02
0.1 0.24 0.02
0.28 0.16 0.02
0.3 0.36 0.02
0.2 0.3 0.02
0.2 0.4 0.02
0.1 0.28 0.02
0.2 0.36 0.02
0.2 0.36 0.02
0.22 0.18 0.02
0.24 0.16 0.02
0.24 0.36 0.02
0.1 0.22 0.02
0.24 0.4 0.02
0.16 0.26 0.02
0.28 0.38 0.02
0.1 0.16 0.02
0.18 0.12 0.02
0.12 0.32 0.02
0.22 0.28 0.02
0.26 0.3 0.02
0.16 0.4 0.02
0.14 0.14 0.02
0.14 0.28 0.02
0.1 0.16 0.02
0.12 0.36 0.02
0.2 0.28 0.02
0.2 0.14 0.02
0.24 0.34 0.02
0.18 0.38 0.02
0.28 0.2 0.02
0.2 0.28 0.02
0.22 0.14 0.02
0.1 0.4 0.02
0.1 0.28 0.02
0.12 0.22 0.02
0.1 0.12 0.02
0.22 0.4 0.02
0.24 0.1 0.02
0.14 0.14 0.02
0.18 0.4 0.02
0.22 0.1 0.02
0.2 0.22 0.02
0.22 0.26 0.02
0.24 0.32 0.02
0.24 0.16 0.02
0.16 0.32 0.02
0.12 0.2 0.02
0.18 0.1 0.02
0.24 0.14 0.02
0.26 0.26 0.02
0.12 0.38 0.02
0.24 0.1 0.02
0.26 0.34 0.02
0.26 0.1 0.02
0.26 0.18 0.02
0.18 0.26 0.02
0.22 0.14 0.02
0.3 0.28 0.02
0.28 0.18 0.02
0.14 0.28 0.02
0.24 0.14 0.02
0.28 0.14 0.02
0.24 0.36 0.02
0.12 0.12 0.02
0.18 0.24 0.02
0.3 0.22 0.02
0.3 0.16 0.02
0.2 0.26 0.02
0.16 0.38 0.02
0.14 0.36 0.02
0.16 0.28 0.02
0.28 0.36 0.02
0.22 0.3 0.02
0.22 0.32 0.02
0.28 0.16 0.02
0.18 0.3 0.02
0.22 0.22 0.02
0.28 0.28 0.02
0.18 0.2 0.02
0.2 0.24 0.02
0.1 0.4 0.02
0.1 0.28 0.02
0.28 0.22 0.02
0.16 0.36 0.02
0.22 0.36 0.02
0.26 0.3 0.02
0.16 0.16 0.02
0.16 0.2 0.02
0.22 0.14 0.02
0.14 0.12 0.02
0.28 0.34 0.02
0.24 0.12 0.02
0.14 0.3 0.02
0.24 0.4 0.02
0.12 0.4 0.02
0.28 0.22 0.02
0.12 0.24 0.02
0.18 0.14 0.02
0.16 0.26 0.02
0.26 0.22 0.02
0.18 0.28 0.02
0.1 0.36 0.02
0.22 0.1 0.02
0.16 0.38 0.02
0.18 0.4 0.02
0.26 0.12 0.02
0.3 0.16 0.02
0.1 0.3 0.02
0.24 0.36 0.02
0.14 0.26 0.02
0.3 0.34 0.02
0.14 0.14 0.02
0.1 0.2 0.02
0.26 0.38 0.02
0.26 0.38 0.02
0.26 0.36 0.02
0.1 0.28 0.02
0.2 0.4 0.02
0.14 0.28 0.02
0.12 0.22 0.02
0.1 0.32 0.02
0.3 0.2 0.02
0.16 0.32 0.02
0.12 0.18 0.02
0.2 0.36 0.02
0.18 0.28 0.02
0.22 0.3 0.02
0.2 0.2 0.02
0.2 0.24 0.02
0.22 0.26 0.02
0.3 0.36 0.02
0.3 0.32 0.02
0.2 0.22 0.02
0.18 0.4 0.02
0.16 0.18 0.02
0.1 0.32 0.02
0.26 0.1 0.02
0.18 0.26 0.02
0.18 0.24 0.02
0.24 0.12 0.02
0.24 0.18 0.02
0.14 0.14 0.02
0.14 0.26 0.02
0.2 0.12 0.02
0.14 0.34 0.02
0.12 0.28 0.02
0.12 0.3 0.02
0.26 0.1 0.02
0.22 0.4 0.02
0.3 0.22 0.02
0.14 0.26 0.02
0.12 0.3 0.02
0.1 0.1 0.02
0.2 0.34 0.02
0.3 0.16 0.02
0.2 0.36 0.02
0.18 0.3 0.02
0.2 0.2 0.02
0.3 0.1 0.02
0.12 0.16 0.02
0.3 0.14 0.02
0.14 0.3 0.02
0.16 0.1 0.02
0.3 0.26 0.02
0.28 0.24 0.02
0.16 0.2 0.02
0.18 0.1 0.02
0.22 0.66 0.4
0.3 0.38 0.4
0.3 0.62 0.4
0.28 0.68 0.4
0.2 0.78 0.4
0.12 0.54 0.4
0.16 0.92 0.4
0.14 1.0 0.4
0.3 0.86 0.4
0.28 0.66 0.4
0.26 0.56 0.4
0.28 0.88 0.4
0.14 0.98 0.4
0.16 0.86 0.4
0.18 0.9 0.4
0.1 0.46 0.4
0.24 0.42 0.4
0.22 0.48 0.4
0.24 0.42 0.4
0.16 0.48 0.4
0.18 0.32 0.4
0.12 0.4 0.4
0.24 0.38 0.4
0.26 0.32 0.4
0.28 0.52 0.4
0.3 0.92 0.4
0.2 0.34 0.4
0.24 0.56 0.4
0.3 0.36 0.4
0.22 0.84 0.4
0.18 0.9 0.4
0.22 0.78 0.4
0.3 0.34 0.4
0.24 0.86 0.4
0.26 0.56 0.4
0.3 0.8 0.4
0.12 0.46 0.4
0.18 0.76 0.4
0.22 0.92 0.4
0.18 0.68 0.4
0.2 0.96 0.4
0.28 0.58 0.4
0.22 0.9 0.4
0.2 0.36 0.4
0.28 0.32 0.4
0.14 0.84 0.4
0.3 0.56 0.4
0.3 1.0 0.4
0.2 0.74 0.4
0.16 0.86 0.4
0.16 0.86 0.4
0.2 0.96 0.4
0.22 0.48 0.4
0.26 0.5 0.4
0.3 0.98 0.4
0.14 0.56 0.4
0.26 0.94 0.4
0.26 0.76 0.4
0.28 0.58 0.4
0.26 0.8 0.4
0.24 0.38 0.4
0.14 0.86 0.4
0.24 0.66 0.4
0.16 0.78 0.4
0.14 0.64 0.4
0.16 0.78 0.4
0.18 0.66 0.4
0.24 0.78 0.4
0.18 0.46 0.4
0.2 0.74 0.4
0.28 0.38 0.4
0.24 0.68 0.4
0.28 0.5 0.4
0.12 0.4 0.4
0.18 0.64 0.4
0.18 0.68 0.4
0.2 0.84 0.4
0.2 0.8 0.4
0.18 0.74 0.4
0.14 0.5 0.4
0.12 0.6 0.4
0.14 0.7 0.4
0.3 0.38 0.4
0.26 0.72 0.4
0.26 0.38 0.4
0.26 0.98 0.4
0.14 0.42 0.4
0.12 0.9 0.4
0.2 0.56 0.4
0.14 0.76 0.4
0.14 0.58 0.4
0.26 0.7 0.4
0.14 0.48 0.4
0.2 0.78 0.4
0.3 0.92 0.4
0.16 1.0 0.4
0.26 0.66 0.4
0.22 0.96 0.4
0.24 0.86 0.4
0.18 0.86 0.4
0.22 0.76 0.4
0.3 0.46 0.4
0.24 0.74 0.4
0.18 1.0 0.4
0.16 0.66 0.4
0.22 1.0 0.4
0.26 0.82 0.4
0.16 0.5 0.4
0.24 0.78 0.4
0.28 0.98 0.4
0.1 0.6 0.4
0.12 0.8 0.4
0.1 0.66 0.4
0.14 0.72 0.4
0.16 0.88 0.4
0.28 0.5 0.4
0.24 0.4 0.4
0.26 0.96 0.4
0.28 1.0 0.4
0.28 1.0 0.4
0.24 0.86 0.4
0.16 0.56 0.4
0.3 0.8 0.4
0.28 0.58 0.4
0.16 0.62 0.4
0.24 0.52 0.4
0.1 0.54 0.4
0.24 0.32 0.4
0.16 0.72 0.4
0.14 0.56 0.4
0.1 0.98 0.4
0.14 0.82 0.4
0.18 0.4 0.4
0.18 0.56 0.4
0.14 0.5 0.4
0.28 0.66 0.4
0.2 0.44 0.4
0.16 0.44 0.4
0.18 0.66 0.4
0.1 0.62 0.4
0.16 0.92 0.4
0.14 0.92 0.4
0.1 0.34 0.4
0.28 0.66 0.4
0.28 0.84 0.4
0.12 0.42 0.4
0.26 0.46 0.4
0.12 0.46 0.4
0.14 0.74 0.4
0.28 0.58 0.4
0.12 0.56 0.4
0.3 0.58 0.4
0.14 0.42 0.4
0.3 0.94 0.4
0.16 0.74 0.4
0.26 0.6 0.4
0.2 0.46 0.4
0.2 0.74 0.4
0.26 0.32 0.4
0.26 0.54 0.4
0.18 0.94 0.4
0.26 0.42 0.4
0.14 0.84 0.4
0.18 1.0 0.4
0.2 0.7 0.4
0.18 0.48 0.4
0.18 0.34 0.4
0.26 0.92 0.4
0.14 0.58 0.4
0.24 0.36 0.4
0.18 0.44 0.4
0.28 0.52 0.4
0.24 0.58 0.4
0.14 0.72 0.4
0.3 0.78 0.4
0.2 0.62 0.4
0.28 0.78 0.4
0.1 0.6 0.4
0.1 0.6 0.4
0.1 0.48 0.4
0.22 0.64 0.4
0.2 0.52 0.4
0.1 0.66 0.4
0.24 0.38 0.4
0.1 0.32 0.4
0.14 0.8 0.4
0.1 0.74 0.4
0.26 0.78 0.4
0.18 0.84 0.4
0.22 0.52 0.4
0.12 0.8 0.4
0.16 0.38 0.4
0.28 0.88 0.4
0.26 0.88 0.4
0.12 0.88 0.4
0.3 0.76 0.4
0.22 0.74 0.4
0.14 0.86 0.4
0.26 0.64 0.4
0.16 0.6 0.4
0.26 0.54 0.4
0.28 0.86 0.4
0.22 0.58 0.4
0.2 0.74 0.4
0.12 0.9 0.4
0.3 0.6 0.4
0.24 0.42 0.4
0.24 0.46 0.4
0.28 0.56 0.4
0.24 0.54 0.4
0.26 0.7 0.4
0.28 0.34 0.4
0.24 0.7 0.4
0.16 0.34 0.4
0.1 0.54 0.4
0.1 0.72 0.4
0.26 0.32 0.4
0.26 0.86 0.4
0.18 0.62 0.4
0.28 0.96 0.4
0.16 0.62 0.4
0.16 0.8 0.4
0.22 0.6 0.4
0.14 0.46 0.4
0.14 0.54 0.4
0.12 0.36 0.4
0.14 0.8 0.4
0.3 0.94 0.4
0.1 0.58 0.4
0.22 0.66 0.4
0.1 0.34 0.4
0.2 0.58 0.4
0.18 0.78 0.4
0.28 0.42 0.4
0.3 0.46 0.4
0.12 0.84 0.4
0.18 0.52 0.4
0.12 0.32 0.4
0.12 0.82 0.4
0.18 0.8 0.4
0.18 0.68 0.4
0.18 0.96 0.4
0.18 0.8 0.4
0.16 0.92 0.4
0.12 0.46 0.4
0.3 0.86 0.4
0.24 0.32 0.4
0.22 0.5 0.4
0.12 0.72 0.4
0.1 0.68 0.4
0.24 1.0 0.4
0.22 0.78 0.4
0.22 0.8 0.4
0.26 0.34 0.4
0.14 0.62 0.4
0.2 0.96 0.4
0.3 0.76 0.4
0.28 0.36 0.4
0.24 0.42 0.4
0.2 0.9 0.4
0.2 0.58 0.4
0.3 0.44 0.4
0.16 0.98 0.4
0.1 0.46 0.4
0.1 0.72 0.4
0.1 0.56 0.4
0.14 0.56 0.4
0.12 0.5 0.4
0.2 0.68 0.4
0.14 0.58 0.4
0.28 0.54 0.4
0.26 0.94 0.4
0.12 0.44 0.4
0.3 0.52 0.4
0.2 0.42 0.4
0.28 0.86 0.4
0.24 0.9 0.4
0.16 0.56 0.4
0.26 1.0 0.4
0.28 0.96 0.4
0.28 0.56 0.4
0.1 0.96 0.4
0.18 0.5 0.4
0.18 0.46 0.4
0.24 0.56 0.4
0.14 0.74 0.4
0.14 0.58 0.4
0.28 0.82 0.4
0.26 0.6 0.4
0.16 0.38 0.4
0.22 0.56 0.4
0.12 0.78 0.4
0.18 0.52 0.4
0.22 0.8 0.4
0.12 0.36 0.4
0.18 0.52 0.4
0.22 0.52 0.4
0.14 0.92 0.4
0.22 0.66 0.4
0.26 0.8 0.4
0.16 0.96 0.4
0.28 0.42 0.4
0.12 0.6 0.4
0.3 0.42 0.4
0.26 0.68 0.4
0.14 0.84 0.4
0.16 0.58 0.4
0.2 0.5 0.4
0.24 0.56 0.4
0.24 0.48 0.4
0.16 0.5 0.4
0.16 0.66 0.4
0.2 0.74 0.4
0.12 0.6 0.4
0.28 0.74 0.4
0.3 0.86 0.4
0.24 0.48 0.4
0.24 0.68 0.4
0.16 0.86 0.4
0.28 0.84 0.4
0.1 0.4 0.4
0.3 0.72 0.4
0.1 0.58 0.4
0.28 0.92 0.4
0.1 0.4 0.4
0.14 0.6 0.4
0.24 0.68 0.4
0.28 0.76 0.4
0.22 0.68 0.4
0.18 0.9 0.4
0.14 0.78 0.4
0.2 0.34 0.4
0.14 0.42 0.4
0.18 0.82 0.4
0.24 0.6 0.4
0.24 0.42 0.4
0.12 0.8 0.4
0.12 0.6 0.4
0.24 0.7 0.4
0.12 0.78 0.4
0.3 0.46 0.4
0.16 1.0 0.4
0.24 1.0 0.4
0.24 0.82 0.4
0.28 0.44 0.4
0.14 0.98 0.4
0.24 0.66 0.4
0.24 0.32 0.4
0.28 0.58 0.4
0.14 0.5 0.4
0.26 0.78 0.4
0.22 0.98 0.4
0.22 0.94 0.4
0.14 0.78 0.4
0.28 1.0 0.4
0.22 0.66 0.4
0.3 0.44 0.4
0.18 0.9 0.4
0.12 0.94 0.4
0.22 0.74 0.4
0.24 0.5 0.4
0.18 0.46 0.4
0.28 0.58 0.4
0.22 0.88 0.4
0.16 0.54 0.4
0.18 0.5 0.4
0.3 0.66 0.4
0.1 0.5 0.4
0.12 0.66 0.4
0.28 0.54 0.4
0.24 0.82 0.4
0.12 0.76 0.4
0.22 0.54 0.4
0.12 0.94 0.4
0.22 0.4 0.4
0.1 0.48 0.4
0.26 0.38 0.4
0.22 0.58 0.4
0.16 0.32 0.4
0.26 0.78 0.4
0.1 0.9 0.4
0.26 0.9 0.4
0.22 0.72 0.4
0.14 0.42 0.4
0.1 1.0 0.4
0.28 0.7 0.4
0.12 0.44 0.4
0.12 0.72 0.4
0.14 0.48 0.4
0.26 1.0 0.4
0.22 0.72 0.4
0.26 0.54 0.4
0.22 0.54 0.4
0.18 0.44 0.4
0.3 0.4 0.4
0.2 0.8 0.4
0.18 0.6 0.4
0.22 0.52 0.4
0.22 0.92 0.4
0.28 1.0 0.4
0.24 0.36 0.4
0.18 0.48 0.4
0.16 0.74 0.4
0.26 0.98 0.4
0.22 0.6 0.4
0.18 0.86 0.4
0.28 0.44 0.4
0.24 0.92 0.4
0.26 0.78 0.4
0.16 0.62 0.4
0.16 0.42 0.4
0.16 0.42 0.4
0.22 0.92 0.4
0.12 0.8 0.4
0.3 0.74 0.4
0.22 0.42 0.4
0.3 0.66 0.4
0.18 0.76 0.4
0.24 0.96 0.4
0.2 0.8 0.4
0.28 0.5 0.4
0.2 1.0 0.4
0.24 0.76 0.4
0.16 0.52 0.4
0.26 0.7 0.4
0.16 0.98 0.4
0.22 0.96 0.4
0.24 0.62 0.4
0.22 0.72 0.4
0.12 0.72 0.4
0.2 0.48 0.4
0.26 0.88 0.4
0.22 0.68 0.4
0.14 0.58 0.4
0.14 0.5 0.4
0.22 0.42 0.4
0.22 0.76 0.4
0.26 0.96 0.4
0.18 0.6 0.4
0.28 0.56 0.4
0.12 0.7 0.4
0.22 0.82 0.4
0.22 0.42 0.4
0.28 0.44 0.4
0.1 0.76 0.4
0.14 0.96 0.4
0.14 0.64 0.4
0.14 0.32 0.4
0.18 0.52 0.4
0.28 0.4 0.4
0.16 0.6 0.4
0.14 0.84 0.4
0.16 0.66 0.4
0.22 0.34 0.4
0.2 0.74 0.4
0.3 0.7 0.4
0.26 0.38 0.4
0.1 0.98 0.4
0.12 0.94 0.4
0.3 0.78 0.4
0.14 0.44 0.4
0.22 0.86 0.4
0.3 0.4 0.4
0.26 0.4 0.4
0.1 0.7 0.4
0.24 0.76 0.4
0.26 0.96 0.4
0.1 0.66 0.4
0.18 0.66 0.4
0.24 0.7 0.4
0.12 0.86 0.4
0.26 0.92 0.4
0.24 0.82 0.4
0.14 1.0 0.4
0.1 1.0 0.4
0.14 0.66 0.4
0.22 0.78 0.4
0.26 0.66 0.4
0.3 0.7 0.4
0.26 0.8 0.4
0.14 0.34 0.4
0.1 0.44 0.4
0.28 0.32 0.4
0.12 0.8 0.4
0.22 0.48 0.4
0.28 0.76 0.4
0.18 0.48 0.4
0.2 0.62 0.4
0.22 0.48 0.4
0.16 0.86 0.4
0.22 0.54 0.4
0.26 0.82 0.4
0.26 0.32 0.4
0.2 0.64 0.4
0.26 0.46 0.4
0.24 0.68 0.4
0.18 0.96 0.4
0.3 0.62 0.4
0.3 0.7 0.4
0.1 0.66 0.4
0.14 0.74 0.4
0.3 0.38 0.4
0.14 0.4 0.4
0.2 0.56 0.4
0.3 0.46 0.4
0.3 0.88 0.4
0.12 0.54 0.4
0.14 0.94 0.4
0.24 0.84 0.4
0.22 0.42 0.4
0.14 0.82 0.4
0.18 0.4 0.4
0.1 0.8 0.4
0.14 0.74 0.4
0.28 0.9 0.4
0.18 0.64 0.4
0.28 0.42 0.4
0.16 0.32 0.4
0.14 1.0 0.4
0.3 0.4 0.4
0.16 0.4 0.4
0.14 0.6 0.4
0.28 0.38 0.4
0.22 0.36 0.4
0.26 0.72 0.4
0.16 0.5 0.4
0.22 0.86 0.4
0.24 1.0 0.4
0.2 0.92 0.4
0.18 0.4 0.4
0.26 0.66 0.4
0.18 0.56 0.4
0.22 0.98 0.4
0.24 0.88 0.4
0.1 0.9 0.4
0.2 0.86 0.4
0.12 0.34 0.4
0.12 0.86 0.4
0.12 0.58 0.4
0.16 0.86 0.4
0.3 0.48 0.4
0.26 0.66 0.4
0.18 0.88 0.4
0.3 0.9 0.4
0.3 0.54 0.4
0.18 0.84 0.4
0.22 0.5 0.4
0.2 0.5 0.4
0.28 0.52 0.4
0.26 0.34 0.4
0.24 1.0 0.4
0.3 0.84 0.4
0.14 0.42 0.4
0.12 0.32 0.4
0.2 0.98 0.4
0.14 1.0 0.4
0.16 0.68 0.4
0.22 0.48 0.4
0.2 0.54 0.4
0.28 0.42 0.4
0.16 0.56 0.4
0.14 1.0 0.4
0.28 0.54 0.4
0.22 0.36 0.4
0.26 0.44 0.4
0.16 0.96 0.4
0.24 0.34 0.4
0.24 0.42 0.4
0.18 0.9 0.4
0.18 0.66 0.4
0.2 0.34 0.4
0.18 0.46 0.4
0.22 0.6 0.4
0.2 0.68 0.4
0.16 0.92 0.4
0.3 0.4 0.4
0.1 0.64 0.4
0.22 0.36 0.4
0.22 0.94 0.4
0.2 0.38 0.4
0.12 0.62 0.4
0.12 0.44 0.4
0.16 0.46 0.4
0.14 0.74 0.4
0.22 0.76 0.4
0.24 0.72 0.4
0.2 0.5 0.4
0.22 1.0 0.4
0.16 0.8 0.4
0.14 0.9 0.4
0.2 0.98 0.4
0.16 0.58 0.4
0.18 0.32 0.4
0.2 0.82 0.4
0.14 1.0 0.4
0.14 0.32 0.4
0.26 0.52 0.4
0.24 0.44 0.4
0.22 0.42 0.4
0.24 0.38 0.4
0.2 0.94 0.4
0.16 0.98 0.4
0.18 0.96 0.4
0.16 0.6 0.4
0.1 0.62 0.4
0.2 0.66 0.4
0.28 0.74 0.4
0.14 0.7 0.4
0.2 0.88 0.4
0.16 0.82 0.4
0.24 0.34 0.4
0.1 0.96 0.4
0.18 0.92 0.4
0.1 0.72 0.4
0.28 0.34 0.4
0.16 0.54 0.4
0.2 0.48 0.4
0.22 0.48 0.4
0.18 0.68 0.4
0.28 0.88 0.4
0.14 0.56 0.4
0.3 0.58 0.4
0.22 0.98 0.4
0.3 0.84 0.4
0.16 0.74 0.4
0.28 0.34 0.4
0.3 0.54 0.4
0.24 0.9 0.4
0.24 0.9 0.4
0.3 0.36 0.4
0.22 0.64 0.4
0.26 0.36 0.4
0.12 0.68 0.4
0.18 0.4 0.4
0.16 0.36 0.4
0.18 0.46 0.4
0.28 0.64 0.4
0.16 0.48 0.4
0.2 0.8 0.4
0.26 0.62 0.4
0.18 0.5 0.4
0.2 0.84 0.4
0.18 0.72 0.4
0.1 0.56 0.4
0.1 0.72 0.4
0.14 0.84 0.4
0.14 0.84 0.4
0.24 0.6 0.4
0.26 0.86 0.4
0.24 0.48 0.4
0.18 0.36 0.4
0.28 1.0 0.4
0.18 0.94 0.4
0.14 0.56 0.4
0.3 0.36 0.4
0.1 0.54 0.4
0.1 0.58 0.4
0.18 0.92 0.4
0.22 0.88 0.4
0.12 0.7 0.4
0.16 0.74 0.4
0.2 0.66 0.4
0.3 0.4 0.4
0.12 0.7 0.4
0.12 0.62 0.4
0.26 1.0 0.4
0.14 0.68 0.4
0.1 0.6 0.4
0.16 0.54 0.4
0.2 0.46 0.4
0.3 0.7 0.4
0.22 0.88 0.4
0.22 0.74 0.4
0.18 0.62 0.4
0.22 0.54 0.4
0.26 0.42 0.4
0.12 0.88 0.4
0.3 0.36 0.4
0.3 0.7 0.4
0.18 0.96 0.4
0.28 0.78 0.4
0.16 0.94 0.4
0.22 0.42 0.4
0.22 0.94 0.4
0.12 0.88 0.4
0.18 0.96 0.4
0.26 0.44 0.4
0.1 0.68 0.4
0.14 0.56 0.4
0.3 0.34 0.4
0.22 0.92 0.4
0.3 0.72 0.4
0.1 0.32 0.4
0.14 0.7 0.4
0.14 0.42 0.4
0.12 0.96 0.4
0.18 0.98 0.4
0.26 0.66 0.4
0.24 0.9 0.4
0.3 0.86 0.4
0.2 0.86 0.4
0.18 0.82 0.4
0.3 0.54 0.4
0.18 0.48 0.4
0.16 0.44 0.4
0.14 0.98 0.4
0.2 0.98 0.4
0.24 0.36 0.4
0.28 0.88 0.4
0.3 0.4 0.4
0.22 0.4 0.4
0.26 0.32 0.4
0.2 0.34 0.4
0.3 0.48 0.4
0.16 0.84 0.4
0.28 0.62 0.4
0.28 0.64 0.4
0.24 1.0 0.4
0.26 0.86 0.4
0.2 0.46 0.4
0.16 0.62 0.4
0.16 0.86 0.4
0.26 0.94 0.4
0.26 0.5 0.4
0.1 0.8 0.4
0.24 0.9 0.4
0.2 0.74 0.4
0.26 0.92 0.4
0.1 0.62 0.4
0.24 0.38 0.4
0.24 0.46 0.4
0.26 0.4 0.4
0.2 0.48 0.4
0.18 0.32 0.4
0.28 0.48 0.4
0.28 0.64 0.4
0.16 0.8 0.4
0.12 0.48 0.4
0.14 0.64 0.4
0.22 0.38 0.4
0.26 0.96 0.4
0.1 0.32 0.4
0.22 0.62 0.4
0.3 0.52 0.4
0.3 0.94 0.4
0.1 0.36 0.4
0.12 0.62 0.4
0.16 0.32 0.4
0.1 0.44 0.4
0.24 0.62 0.4
0.16 0.92 0.4
0.12 0.9 0.4
0.28 0.66 0.4
0.28 0.68 0.4
0.16 0.38 0.4
0.16 0.52 0.4
0.28 0.34 0.4
0.26 0.36 0.4
0.28 0.78 0.4
0.2 0.42 0.4
0.24 0.84 0.4
0.1 0.7 0.4
0.28 0.94 0.4
0.24 0.74 0.4
0.16 0.6 0.4
0.16 0.96 0.4
0.3 0.5 0.4
0.26 0.84 0.4
0.2 0.36 0.4
0.16 0.58 0.4
0.22 0.56 0.4
0.18 0.42 0.4
0.3 0.72 0.4
0.18 0.9 0.4
0.2 0.42 0.4
0.28 0.4 0.4
0.12 0.8 0.4
0.18 0.68 0.4
0.3 0.5 0.4
0.28 0.76 0.4
0.12 0.86 0.4
0.16 0.44 0.4
0.16 0.88 0.4
0.2 0.72 0.4
0.12 0.5 0.4
0.12 0.76 0.4
0.2 0.84 0.4
0.22 0.9 0.4
0.16 0.46 0.4
0.14 0.42 0.4
0.12 0.32 0.4
0.18 0.88 0.4
0.28 0.62 0.4
0.14 0.5 0.4
0.18 0.78 0.4
0.14 0.6 0.4
0.14 0.84 0.4
0.26 0.64 0.4
0.2 0.86 0.4
0.12 0.4 0.4
0.16 0.58 0.4
0.2 0.56 0.4
0.26 0.54 0.4
0.16 0.52 0.4
0.24 0.84 0.4
0.14 0.62 0.4
0.24 0.98 0.4
0.22 0.58 0.4
0.16 0.74 0.4
0.14 0.6 0.4
0.1 0.86 0.4
0.3 0.48 0.4
0.26 0.52 0.4
0.2 0.86 0.4
0.18 0.68 0.4
0.3 0.98 0.4
0.14 0.58 0.4
0.1 0.5 0.4
0.24 0.64 0.4
0.24 0.52 0.4
0.14 0.4 0.4
0.26 0.72 0.4
0.1 0.48 0.4
0.2 0.8 0.4
0.24 0.82 0.4
0.22 0.62 0.4
0.28 0.42 0.4
0.16 0.9 0.4
0.26 0.68 0.4
0.24 0.42 0.4
0.16 0.72 0.4
0.18 0.84 0.4
0.18 0.36 0.4
0.26 0.66 0.4
0.18 0.86 0.4
0.18 0.32 0.4
0.16 0.86 0.4
0.3 0.44 0.4
0.3 0.58 0.4
0.1 0.44 0.4
0.28 0.5 0.4
0.24 0.94 0.4
0.24 0.94 0.4
0.18 0.92 0.4
0.16 0.8 0.4
0.2 0.52 0.4
0.28 0.36 0.4
0.1 0.52 0.4
0.22 0.62 0.4
0.22 0.6 0.4
0.1 0.42 0.4
0.12 0.64 0.4
0.1 0.7 0.4
0.14 0.82 0.4
0.24 0.54 0.4
0.24 0.96 0.4
0.3 0.62 0.4
0.28 0.42 0.4
0.12 0.74 0.4
0.22 0.58 0.4
0.16 0.64 0.4
0.24 0.92 0.4
0.2 0.44 0.4
0.26 0.8 0.4
0.14 0.38 0.4
0.14 0.8 0.4
0.26 0.62 0.4
0.12 0.34 0.4
0.1 0.88 0.4
0.22 0.98 0.4
0.1 0.48 0.4
0.16 0.5 0.4
0.22 1.0 0.4
0.24 0.58 0.4
0.18 0.66 0.4
0.24 0.82 0.4
0.2 0.72 0.4
0.24 0.6 0.4
0.24 0.6 0.4
0.16 0.7 0.4
0.26 0.78 0.4
0.1 0.76 0.4
0.12 0.76 0.4
0.2 0.32 0.4
0.18 0.36 0.4
0.12 0.98 0.4
0.12 0.32 0.4
0.16 0.42 0.4
0.3 1.0 0.4
0.3 0.5 0.4
0.2 0.46 0.4
0.12 0.46 0.4
0.22 0.82 0.4
0.16 0.42 0.4
0.16 0.76 0.4
0.2 0.48 0.4
0.16 0.56 0.4
0.26 0.98 0.4
0.22 0.86 0.4
0.26 0.56 0.4
0.28 0.72 0.4
0.1 0.82 0.4
0.26 0.96 0.4
0.12 0.98 0.4
0.24 0.64 0.4
0.18 0.98 0.4
0.22 0.68 0.4
0.22 0.52 0.4
0.12 0.44 0.4
0.14 0.5 0.4
0.22 0.56 0.4
0.14 0.84 0.4
0.24 0.44 0.4
0.1 0.34 0.4
0.2 0.62 0.4
0.14 0.62 0.4
0.28 0.68 0.4
0.16 0.7 0.4
0.16 0.54 0.4
0.14 0.9 0.4
0.22 0.64 0.4
0.16 0.72 0.4
0.14 0.66 0.4
0.16 0.38 0.4
0.28 0.7 0.4
0.22 0.84 0.4
0.2 0.8 0.4
0.18 0.34 0.4
0.2 0.98 0.4
0.3 0.98 0.4
0.16 0.72 0.4
0.14 0.72 0.4
0.28 0.9 0.4
0.24 0.94 0.4
0.28 0.6 0.4
0.1 0.44 0.4
0.18 0.54 0.4
0.2 0.56 0.4
0.18 0.6 0.4
0.22 0.64 0.4
0.28 0.42 0.4
0.26 0.42 0.4
0.24 0.76 0.4
0.1 0.76 0.4
0.16 0.86 0.4
0.2 0.54 0.4
0.22 0.58 0.4
0.16 0.48 0.4
0.14 0.36 0.4
0.2 0.62 0.4
0.3 0.88 0.4
0.16 0.6 0.4
0.18 0.58 0.4
0.28 0.64 0.4
0.1 0.86 0.4
0.1 0.66 0.4
0.18 0.72 0.4
0.12 0.48 0.4
0.28 0.98 0.4
0.26 0.72 0.4
0.16 0.36 0.4
0.26 0.54 0.4
0.12 0.4 0.4
0.2 0.98 0.4
0.24 0.54 0.4
0.2 0.44 0.4
0.12 0.84 0.4
0.2 0.5 0.4
0.12 0.48 0.4
0.14 0.94 0.4
0.28 0.88 0.4
0.24 0.58 0.4
0.3 0.98 0.4
0.1 0.48 0.4
0.3 0.38 0.4
0.22 0.82 0.4
0.28 0.9 0.4
0.28 0.48 0.4
0.26 0.98 0.4
0.1 0.98 0.4
0.16 0.6 0.4
0.18 0.86 0.4
0.14 0.84 0.4
0.16 0.62 0.4
0.16 0.38 0.4
0.28 0.76 0.4
0.18 0.44 0.4
0.22 0.62 0.4
0.26 0.44 0.4
0.2 0.48 0.4
0.24 0.76 0.4
0.1 0.72 0.4
0.12 0.72 0.4
0.3 0.9 0.4
0.2 0.72 0.4
0.16 0.86 0.4
0.16 0.78 0.4
0.14 0.96 0.4
0.28 0.64 0.4
0.3 0.96 0.4